1.000 2050.000 2050.000
0.990 1789.364 2048.051
0.980 1714.428 2046.086
0.970 1670.822 2044.105
0.960 1640.404 2042.107
0.950 1617.212 2040.092
0.940 1598.560 2038.060
0.930 1583.014 2036.011
0.920 1569.720 2033.943
0.910 1558.130 2031.858
0.900 1547.874 2029.754
0.890 1538.688 2027.630
0.880 1530.377 2025.488
0.870 1522.796 2023.325
0.860 1515.833 2021.142
0.850 1509.399 2018.939
0.840 1503.421 2016.714
0.830 1497.843 2014.468
0.820 1492.617 2012.200
0.810 1487.702 2009.910
0.800 1483.066 2007.596
0.790 1478.679 2005.259
0.780 1474.518 2002.897
0.770 1470.562 2000.511
0.760 1466.791 1998.100
0.750 1463.191 1995.663
0.740 1459.747 1993.199
0.730 1456.447 1990.708
0.720 1453.280 1988.189
0.710 1450.235 1985.642
0.700 1447.305 1983.065
0.690 1444.481 1980.458
0.680 1441.757 1977.820
0.670 1439.125 1975.151
0.660 1436.581 1972.449
0.650 1434.118 1969.713
0.640 1431.732 1966.943
0.630 1429.419 1964.137
0.620 1427.173 1961.295
0.610 1424.993 1958.416
0.600 1422.874 1955.497
0.590 1420.812 1952.539
0.580 1418.806 1949.540
0.570 1416.852 1946.498
0.560 1414.948 1943.412
0.550 1413.091 1940.282
0.540 1411.279 1937.104
0.530 1409.511 1933.878
0.520 1407.784 1930.602
0.510 1406.097 1927.274
0.500 1404.447 1923.892
0.490 1402.833 1920.455
0.480 1401.254 1916.959
0.470 1399.709 1913.404
0.460 1398.195 1909.787
0.450 1396.713 1906.104
0.440 1395.260 1902.354
0.430 1393.835 1898.534
0.420 1392.438 1894.640
0.410 1391.068 1890.670
0.400 1389.723 1886.620
0.390 1388.402 1882.486
0.380 1387.106 1878.264
0.370 1385.832 1873.950
0.360 1384.581 1869.539
0.350 1383.351 1865.027
0.340 1382.142 1860.408
0.330 1380.953 1855.676
0.320 1379.783 1850.826
0.310 1378.633 1845.849
0.300 1377.501 1840.739
0.290 1376.387 1835.487
0.280 1375.290 1830.084
0.270 1374.210 1824.521
0.260 1373.146 1818.785
0.250 1372.098 1812.866
0.240 1371.065 1806.749
0.230 1370.047 1800.419
0.220 1369.044 1793.859
0.210 1368.055 1787.050
0.200 1367.080 1779.968
0.190 1366.118 1772.590
0.180 1365.169 1764.886
0.170 1364.233 1756.823
0.160 1363.310 1748.360
0.150 1362.398 1739.452
0.140 1361.499 1730.044
0.130 1360.611 1720.069
0.120 1359.734 1709.444
0.110 1358.868 1698.071
0.100 1358.013 1685.821
0.090 1357.168 1672.530
0.080 1356.334 1657.983
0.070 1355.509 1641.885
0.060 1354.695 1623.821
0.050 1353.889 1603.174
0.040 1353.094 1578.973
0.030 1352.307 1549.535
0.020 1351.529 1511.537
0.010 1350.760 1456.694
0.000 1350.000 1350.000
