1854.025 1854.025 1425.560 0.983 0.500 0.016 0.350 0.000 0.150 0.000
1853.025 1854.025 1425.560 0.983 0.498 0.017 0.351 0.000 0.151 0.004
1852.025 1853.025 1425.362 0.983 0.496 0.017 0.353 0.000 0.151 0.009
1851.025 1852.025 1425.164 0.983 0.494 0.017 0.354 0.000 0.152 0.013
1850.025 1851.025 1424.968 0.983 0.492 0.017 0.355 0.000 0.152 0.017
1849.025 1850.025 1424.773 0.983 0.490 0.017 0.357 0.000 0.153 0.021
1848.025 1849.025 1424.580 0.982 0.488 0.018 0.358 0.000 0.154 0.025
1847.025 1848.025 1424.388 0.982 0.486 0.018 0.360 0.000 0.154 0.030
1846.025 1847.025 1424.197 0.982 0.484 0.018 0.361 0.000 0.155 0.034
1845.025 1846.025 1424.007 0.982 0.482 0.018 0.362 0.000 0.156 0.038
1844.025 1845.025 1423.818 0.982 0.480 0.018 0.364 0.000 0.156 0.042
1843.025 1844.025 1423.631 0.981 0.478 0.019 0.365 0.000 0.157 0.045
1842.025 1843.025 1423.444 0.981 0.476 0.019 0.366 0.000 0.157 0.049
1841.025 1842.025 1423.259 0.981 0.474 0.019 0.368 0.000 0.158 0.053
1840.025 1841.025 1423.075 0.981 0.472 0.019 0.369 0.000 0.159 0.057
1839.025 1840.025 1422.892 0.981 0.471 0.019 0.370 0.000 0.159 0.061
1838.025 1839.025 1422.711 0.980 0.469 0.020 0.372 0.000 0.160 0.065
1837.025 1838.025 1422.530 0.980 0.467 0.020 0.373 0.000 0.160 0.068
1836.025 1837.025 1422.351 0.980 0.465 0.020 0.374 0.000 0.161 0.072
1835.025 1836.025 1422.172 0.980 0.463 0.020 0.376 0.000 0.162 0.076
1834.025 1835.025 1421.995 0.980 0.461 0.020 0.377 0.000 0.162 0.079
1833.025 1834.025 1421.819 0.979 0.459 0.021 0.378 0.000 0.163 0.083
1832.025 1833.025 1421.644 0.979 0.457 0.021 0.379 0.000 0.163 0.086
1831.025 1832.025 1421.470 0.979 0.455 0.021 0.381 0.000 0.164 0.090
1830.025 1831.025 1421.297 0.979 0.453 0.021 0.382 0.000 0.165 0.093
1829.025 1830.025 1421.125 0.978 0.452 0.022 0.383 0.000 0.165 0.097
1828.025 1829.025 1420.954 0.978 0.450 0.022 0.385 0.000 0.166 0.100
1827.025 1828.025 1420.784 0.978 0.448 0.022 0.386 0.000 0.166 0.103
1826.025 1827.025 1420.615 0.978 0.446 0.022 0.387 0.000 0.167 0.107
1825.025 1826.025 1420.447 0.977 0.444 0.022 0.388 0.000 0.167 0.110
1824.025 1825.025 1420.280 0.977 0.442 0.023 0.390 0.000 0.168 0.113
1823.025 1824.025 1420.114 0.977 0.440 0.023 0.391 0.000 0.169 0.117
1822.025 1823.025 1419.949 0.977 0.439 0.023 0.392 0.000 0.169 0.120
1821.025 1822.025 1419.785 0.977 0.437 0.023 0.394 0.000 0.170 0.123
1820.025 1821.025 1419.622 0.976 0.435 0.024 0.395 0.000 0.170 0.126
1819.025 1820.025 1419.460 0.976 0.433 0.024 0.396 0.000 0.171 0.129
1818.025 1819.025 1419.298 0.976 0.431 0.024 0.397 0.000 0.171 0.133
1817.025 1818.025 1419.138 0.976 0.429 0.024 0.399 0.000 0.172 0.136
1816.025 1817.025 1418.979 0.975 0.428 0.025 0.400 0.000 0.173 0.139
1815.025 1816.025 1418.820 0.975 0.426 0.025 0.401 0.000 0.173 0.142
1814.025 1815.025 1418.663 0.975 0.424 0.025 0.402 0.000 0.174 0.145
1813.025 1814.025 1418.506 0.974 0.422 0.025 0.403 0.000 0.174 0.148
1812.025 1813.025 1418.350 0.974 0.420 0.026 0.405 0.000 0.175 0.151
1811.025 1812.025 1418.195 0.974 0.419 0.026 0.406 0.000 0.175 0.154
1810.025 1811.025 1418.041 0.974 0.417 0.026 0.407 0.000 0.176 0.156
1809.025 1810.025 1417.888 0.973 0.415 0.027 0.408 0.000 0.177 0.159
1808.025 1809.025 1417.736 0.973 0.413 0.027 0.410 0.000 0.177 0.162
1807.025 1808.025 1417.584 0.973 0.411 0.027 0.411 0.000 0.178 0.165
1806.025 1807.025 1417.434 0.973 0.410 0.027 0.412 0.000 0.178 0.168
1805.025 1806.025 1417.284 0.972 0.408 0.028 0.413 0.000 0.179 0.171
1804.025 1805.025 1417.135 0.972 0.406 0.028 0.414 0.000 0.179 0.173
1803.025 1804.025 1416.986 0.972 0.404 0.028 0.416 0.000 0.180 0.176
1802.025 1803.025 1416.839 0.971 0.403 0.029 0.417 0.000 0.181 0.179
1801.025 1802.025 1416.692 0.971 0.401 0.029 0.418 0.000 0.181 0.181
1800.025 1801.025 1416.547 0.971 0.399 0.029 0.419 0.000 0.182 0.184
1799.025 1800.025 1416.402 0.971 0.397 0.029 0.420 0.000 0.182 0.187
1798.025 1799.025 1416.257 0.970 0.396 0.030 0.422 0.000 0.183 0.189
1797.025 1798.025 1416.114 0.970 0.394 0.030 0.423 0.000 0.183 0.192
1796.025 1797.025 1415.971 0.970 0.392 0.030 0.424 0.000 0.184 0.195
1795.025 1796.025 1415.829 0.969 0.391 0.031 0.425 0.000 0.184 0.197
1794.025 1795.025 1415.688 0.969 0.389 0.031 0.426 0.000 0.185 0.200
1793.025 1794.025 1415.548 0.969 0.387 0.031 0.427 0.000 0.185 0.202
1792.025 1793.025 1415.408 0.968 0.385 0.032 0.429 0.000 0.186 0.205
1791.025 1792.025 1415.269 0.968 0.384 0.032 0.430 0.000 0.187 0.207
1790.025 1791.025 1415.131 0.968 0.382 0.032 0.431 0.000 0.187 0.210
1789.025 1790.025 1414.993 0.967 0.380 0.033 0.432 0.000 0.188 0.212
1788.025 1789.025 1414.857 0.967 0.379 0.033 0.433 0.000 0.188 0.215
1787.025 1788.025 1414.720 0.967 0.377 0.033 0.434 0.000 0.189 0.217
1786.025 1787.025 1414.585 0.966 0.375 0.034 0.435 0.000 0.189 0.219
1785.025 1786.025 1414.450 0.966 0.374 0.034 0.437 0.000 0.190 0.222
1784.025 1785.025 1414.316 0.966 0.372 0.034 0.438 0.000 0.190 0.224
1783.025 1784.025 1414.183 0.965 0.370 0.035 0.439 0.000 0.191 0.226
1782.025 1783.025 1414.050 0.965 0.369 0.035 0.440 0.000 0.191 0.229
1781.025 1782.025 1413.918 0.965 0.367 0.035 0.441 0.000 0.192 0.231
1780.025 1781.025 1413.787 0.964 0.365 0.036 0.442 0.000 0.192 0.233
1779.025 1780.025 1413.657 0.964 0.364 0.036 0.443 0.000 0.193 0.235
1778.025 1779.025 1413.527 0.963 0.362 0.036 0.445 0.000 0.194 0.238
1777.025 1778.025 1413.397 0.963 0.360 0.037 0.446 0.000 0.194 0.240
1776.025 1777.025 1413.269 0.963 0.359 0.037 0.447 0.000 0.195 0.242
1775.025 1776.025 1413.141 0.962 0.357 0.038 0.448 0.000 0.195 0.244
1774.025 1775.025 1413.013 0.962 0.355 0.038 0.449 0.000 0.196 0.247
1773.025 1774.025 1412.886 0.962 0.354 0.038 0.450 0.000 0.196 0.249
1772.025 1773.025 1412.760 0.961 0.352 0.039 0.451 0.000 0.197 0.251
1771.025 1772.025 1412.635 0.961 0.351 0.039 0.452 0.000 0.197 0.253
1770.025 1771.025 1412.510 0.960 0.349 0.039 0.453 0.000 0.198 0.255
1769.025 1770.025 1412.386 0.960 0.347 0.040 0.454 0.000 0.198 0.257
1768.025 1769.025 1412.262 0.960 0.346 0.040 0.455 0.000 0.199 0.259
1767.025 1768.025 1412.139 0.959 0.344 0.041 0.457 0.000 0.199 0.261
1766.025 1767.025 1412.016 0.959 0.343 0.041 0.458 0.000 0.200 0.263
1765.025 1766.025 1411.895 0.958 0.341 0.042 0.459 0.000 0.200 0.265
1764.025 1765.025 1411.773 0.958 0.339 0.042 0.460 0.000 0.201 0.267
1763.025 1764.025 1411.653 0.958 0.338 0.042 0.461 0.000 0.201 0.269
1762.025 1763.025 1411.532 0.957 0.336 0.043 0.462 0.000 0.202 0.271
1761.025 1762.025 1411.413 0.957 0.335 0.043 0.463 0.000 0.202 0.273
1760.025 1761.025 1411.294 0.956 0.333 0.044 0.464 0.000 0.203 0.275
1759.025 1760.025 1411.175 0.956 0.332 0.044 0.465 0.000 0.203 0.277
1758.025 1759.025 1411.058 0.955 0.330 0.045 0.466 0.000 0.204 0.279
1757.025 1758.025 1410.940 0.955 0.328 0.045 0.467 0.000 0.204 0.281
1756.025 1757.025 1410.824 0.954 0.327 0.045 0.468 0.000 0.205 0.283
1755.025 1756.025 1410.707 0.954 0.325 0.046 0.469 0.000 0.205 0.285
1754.025 1755.025 1410.592 0.954 0.324 0.046 0.470 0.000 0.206 0.287
1753.025 1754.025 1410.476 0.953 0.322 0.047 0.471 0.000 0.206 0.289
1752.025 1753.025 1410.362 0.953 0.321 0.047 0.472 0.000 0.207 0.291
1751.025 1752.025 1410.248 0.952 0.319 0.048 0.473 0.000 0.207 0.293
1750.025 1751.025 1410.134 0.952 0.318 0.048 0.474 0.000 0.208 0.294
1749.025 1750.025 1410.021 0.951 0.316 0.049 0.475 0.000 0.208 0.296
1748.025 1749.025 1409.909 0.951 0.315 0.049 0.476 0.000 0.209 0.298
1747.025 1748.025 1409.797 0.950 0.313 0.050 0.477 0.000 0.209 0.300
1746.025 1747.025 1409.685 0.950 0.312 0.050 0.478 0.000 0.210 0.302
1745.025 1746.025 1409.574 0.949 0.310 0.051 0.479 0.000 0.210 0.303
1744.025 1745.025 1409.464 0.949 0.309 0.051 0.480 0.000 0.211 0.305
1743.025 1744.025 1409.354 0.948 0.307 0.052 0.481 0.000 0.211 0.307
1742.025 1743.025 1409.244 0.948 0.306 0.052 0.482 0.000 0.212 0.309
1741.025 1742.025 1409.135 0.947 0.304 0.053 0.483 0.000 0.212 0.310
1740.025 1741.025 1409.027 0.947 0.303 0.053 0.484 0.000 0.213 0.312
1739.025 1740.025 1408.919 0.946 0.301 0.054 0.485 0.000 0.213 0.314
1738.025 1739.025 1408.811 0.945 0.300 0.054 0.486 0.000 0.214 0.316
1737.025 1738.025 1408.704 0.945 0.298 0.055 0.487 0.000 0.214 0.317
1736.025 1737.025 1408.597 0.944 0.297 0.055 0.488 0.000 0.215 0.319
1735.025 1736.025 1408.491 0.944 0.295 0.056 0.489 0.000 0.215 0.321
1734.025 1735.025 1408.385 0.943 0.294 0.057 0.490 0.000 0.216 0.322
1733.025 1734.025 1408.280 0.943 0.292 0.057 0.491 0.000 0.216 0.324
1732.025 1733.025 1408.175 0.942 0.291 0.058 0.492 0.000 0.217 0.326
1731.025 1732.025 1408.071 0.942 0.289 0.058 0.493 0.000 0.217 0.327
1730.025 1731.025 1407.967 0.941 0.288 0.059 0.494 0.000 0.218 0.329
1729.025 1730.025 1407.864 0.940 0.287 0.059 0.495 0.000 0.218 0.330
1728.025 1729.025 1407.761 0.940 0.285 0.060 0.496 0.000 0.219 0.332
1727.025 1728.025 1407.658 0.939 0.284 0.061 0.497 0.000 0.219 0.334
1726.025 1727.025 1407.556 0.939 0.282 0.061 0.498 0.000 0.220 0.335
1725.025 1726.025 1407.454 0.938 0.281 0.062 0.499 0.000 0.220 0.337
1724.025 1725.025 1407.353 0.937 0.279 0.063 0.500 0.000 0.221 0.338
1723.025 1724.025 1407.252 0.937 0.278 0.063 0.501 0.000 0.221 0.340
1722.025 1723.025 1407.152 0.936 0.277 0.064 0.502 0.000 0.222 0.341
1721.025 1722.025 1407.052 0.935 0.275 0.064 0.503 0.000 0.222 0.343
1720.025 1721.025 1406.952 0.935 0.274 0.065 0.504 0.000 0.222 0.344
1719.025 1720.025 1406.853 0.934 0.272 0.066 0.505 0.000 0.223 0.346
1718.025 1719.025 1406.754 0.933 0.271 0.066 0.506 0.000 0.223 0.347
1717.025 1718.025 1406.656 0.933 0.270 0.067 0.507 0.000 0.224 0.349
1716.025 1717.025 1406.558 0.932 0.268 0.068 0.507 0.000 0.224 0.350
1715.025 1716.025 1406.460 0.931 0.267 0.068 0.508 0.000 0.225 0.352
1714.025 1715.025 1406.363 0.931 0.265 0.069 0.509 0.000 0.225 0.353
1713.025 1714.025 1406.266 0.930 0.264 0.070 0.510 0.000 0.226 0.355
1712.025 1713.025 1406.170 0.929 0.263 0.070 0.511 0.000 0.226 0.356
1711.025 1712.025 1406.074 0.929 0.261 0.071 0.512 0.000 0.227 0.358
1710.025 1711.025 1405.978 0.928 0.260 0.072 0.513 0.000 0.227 0.359
1709.025 1710.025 1405.883 0.927 0.259 0.073 0.514 0.000 0.228 0.361
1708.025 1709.025 1405.788 0.926 0.257 0.073 0.515 0.000 0.228 0.362
1707.025 1708.025 1405.694 0.926 0.256 0.074 0.516 0.000 0.229 0.363
1706.025 1707.025 1405.599 0.925 0.255 0.075 0.517 0.000 0.229 0.365
1705.025 1706.025 1405.506 0.924 0.253 0.076 0.517 0.000 0.229 0.366
1704.025 1705.025 1405.412 0.923 0.252 0.076 0.518 0.000 0.230 0.368
1703.025 1704.025 1405.319 0.923 0.250 0.077 0.519 0.000 0.230 0.369
1702.025 1703.025 1405.226 0.922 0.249 0.078 0.520 0.000 0.231 0.370
1701.025 1702.025 1405.134 0.921 0.248 0.079 0.521 0.000 0.231 0.372
1700.025 1701.025 1405.042 0.920 0.246 0.079 0.522 0.000 0.232 0.373
1699.025 1700.025 1404.950 0.919 0.245 0.080 0.523 0.000 0.232 0.374
1698.025 1699.025 1404.859 0.919 0.244 0.081 0.524 0.000 0.233 0.376
1697.025 1698.025 1404.768 0.918 0.242 0.082 0.524 0.000 0.233 0.377
1696.025 1697.025 1404.678 0.917 0.241 0.083 0.525 0.000 0.234 0.378
1695.025 1696.025 1404.587 0.916 0.240 0.083 0.526 0.000 0.234 0.380
1694.025 1695.025 1404.497 0.915 0.239 0.084 0.527 0.000 0.234 0.381
1693.025 1694.025 1404.408 0.914 0.237 0.085 0.528 0.000 0.235 0.382
1692.025 1693.025 1404.318 0.914 0.236 0.086 0.529 0.000 0.235 0.384
1691.025 1692.025 1404.229 0.913 0.235 0.087 0.530 0.000 0.236 0.385
1690.025 1691.025 1404.141 0.912 0.233 0.088 0.530 0.000 0.236 0.386
1689.025 1690.025 1404.052 0.911 0.232 0.089 0.531 0.000 0.237 0.387
1688.025 1689.025 1403.964 0.910 0.231 0.090 0.532 0.000 0.237 0.389
1687.025 1688.025 1403.877 0.909 0.229 0.090 0.533 0.000 0.238 0.390
1686.025 1687.025 1403.789 0.908 0.228 0.091 0.534 0.000 0.238 0.391
1685.025 1686.025 1403.702 0.907 0.227 0.092 0.535 0.000 0.239 0.393
1684.025 1685.025 1403.616 0.906 0.226 0.093 0.535 0.000 0.239 0.394
1683.025 1684.025 1403.529 0.905 0.224 0.094 0.536 0.000 0.239 0.395
1682.025 1683.025 1403.443 0.904 0.223 0.095 0.537 0.000 0.240 0.396
1681.025 1682.025 1403.357 0.904 0.222 0.096 0.538 0.000 0.240 0.398
1680.025 1681.025 1403.271 0.903 0.220 0.097 0.539 0.000 0.241 0.399
1679.025 1680.025 1403.186 0.902 0.219 0.098 0.540 0.000 0.241 0.400
1678.025 1679.025 1403.101 0.901 0.218 0.099 0.540 0.000 0.242 0.401
1677.025 1678.025 1403.016 0.900 0.217 0.100 0.541 0.000 0.242 0.402
1676.025 1677.025 1402.932 0.899 0.215 0.101 0.542 0.000 0.243 0.404
1675.025 1676.025 1402.848 0.898 0.214 0.102 0.543 0.000 0.243 0.405
1674.025 1675.025 1402.764 0.896 0.213 0.103 0.544 0.000 0.243 0.406
1673.025 1674.025 1402.681 0.895 0.212 0.104 0.544 0.001 0.244 0.407
1672.025 1673.025 1402.597 0.894 0.210 0.105 0.545 0.001 0.244 0.408
1671.025 1672.025 1402.514 0.893 0.209 0.106 0.546 0.001 0.245 0.409
1670.025 1671.025 1402.431 0.892 0.208 0.107 0.547 0.001 0.245 0.411
1669.025 1670.025 1402.349 0.891 0.207 0.108 0.548 0.001 0.246 0.412
1668.025 1669.025 1402.267 0.890 0.206 0.109 0.548 0.001 0.246 0.413
1667.025 1668.025 1402.185 0.889 0.204 0.111 0.549 0.001 0.247 0.414
1666.025 1667.025 1402.103 0.888 0.203 0.112 0.550 0.001 0.247 0.415
1665.025 1666.025 1402.022 0.887 0.202 0.113 0.551 0.001 0.247 0.416
1664.025 1665.025 1401.940 0.885 0.201 0.114 0.551 0.001 0.248 0.418
1663.025 1664.025 1401.859 0.884 0.199 0.115 0.552 0.001 0.248 0.419
1662.025 1663.025 1401.779 0.883 0.198 0.116 0.553 0.001 0.249 0.420
1661.025 1662.025 1401.698 0.882 0.197 0.117 0.554 0.001 0.249 0.421
1660.025 1661.025 1401.618 0.881 0.196 0.119 0.555 0.001 0.250 0.422
1659.025 1660.025 1401.538 0.880 0.195 0.120 0.555 0.001 0.250 0.423
1658.025 1659.025 1401.458 0.878 0.193 0.121 0.556 0.001 0.250 0.424
1657.025 1658.025 1401.379 0.877 0.192 0.122 0.557 0.001 0.251 0.425
1656.025 1657.025 1401.299 0.876 0.191 0.123 0.558 0.001 0.251 0.426
1655.025 1656.025 1401.220 0.875 0.190 0.125 0.558 0.001 0.252 0.428
1654.025 1655.025 1401.142 0.873 0.189 0.126 0.559 0.001 0.252 0.429
1653.025 1654.025 1401.063 0.872 0.188 0.127 0.560 0.001 0.253 0.430
1652.025 1653.025 1400.985 0.871 0.186 0.129 0.561 0.001 0.253 0.431
1651.025 1652.025 1400.906 0.869 0.185 0.130 0.561 0.001 0.254 0.432
1650.025 1651.025 1400.829 0.868 0.184 0.131 0.562 0.001 0.254 0.433
1649.025 1650.025 1400.751 0.867 0.183 0.133 0.563 0.001 0.254 0.434
1648.025 1649.025 1400.673 0.865 0.182 0.134 0.564 0.001 0.255 0.435
1647.025 1648.025 1400.596 0.864 0.180 0.135 0.564 0.001 0.255 0.436
1646.025 1647.025 1400.519 0.863 0.179 0.137 0.565 0.001 0.256 0.437
1645.025 1646.025 1400.442 0.861 0.178 0.138 0.566 0.001 0.256 0.438
1644.025 1645.025 1400.365 0.860 0.177 0.139 0.566 0.001 0.257 0.439
1643.025 1644.025 1400.289 0.858 0.176 0.141 0.567 0.001 0.257 0.440
1642.025 1643.025 1400.213 0.857 0.175 0.142 0.568 0.001 0.257 0.441
1641.025 1642.025 1400.136 0.855 0.174 0.144 0.569 0.001 0.258 0.442
1640.025 1641.025 1400.061 0.854 0.172 0.145 0.569 0.001 0.258 0.443
1639.025 1640.025 1399.985 0.852 0.171 0.147 0.570 0.001 0.259 0.444
1638.025 1639.025 1399.909 0.851 0.170 0.148 0.571 0.001 0.259 0.446
1637.025 1638.025 1399.834 0.849 0.169 0.150 0.571 0.001 0.260 0.447
1636.025 1637.025 1399.759 0.848 0.168 0.151 0.572 0.001 0.260 0.448
1635.025 1636.025 1399.684 0.846 0.167 0.153 0.573 0.001 0.260 0.449
1634.025 1635.025 1399.609 0.845 0.166 0.154 0.574 0.001 0.261 0.450
1633.025 1634.025 1399.534 0.843 0.164 0.156 0.574 0.001 0.261 0.451
1632.025 1633.025 1399.460 0.841 0.163 0.158 0.575 0.001 0.262 0.452
1631.025 1632.025 1399.386 0.840 0.162 0.159 0.576 0.001 0.262 0.453
1630.025 1631.025 1399.311 0.838 0.161 0.161 0.576 0.001 0.263 0.454
1629.025 1630.025 1399.237 0.836 0.160 0.162 0.577 0.001 0.263 0.455
1628.025 1629.025 1399.164 0.835 0.159 0.164 0.578 0.001 0.263 0.456
1627.025 1628.025 1399.090 0.833 0.158 0.166 0.578 0.001 0.264 0.457
1626.025 1627.025 1399.016 0.831 0.157 0.168 0.579 0.001 0.264 0.458
1625.025 1626.025 1398.943 0.830 0.156 0.169 0.580 0.001 0.265 0.459
1624.025 1625.025 1398.870 0.828 0.154 0.171 0.580 0.001 0.265 0.459
1623.025 1624.025 1398.797 0.826 0.153 0.173 0.581 0.001 0.266 0.460
1622.025 1623.025 1398.724 0.824 0.152 0.175 0.582 0.001 0.266 0.461
1621.025 1622.025 1398.651 0.822 0.151 0.176 0.582 0.001 0.266 0.462
1620.025 1621.025 1398.578 0.821 0.150 0.178 0.583 0.001 0.267 0.463
1619.025 1620.025 1398.506 0.819 0.149 0.180 0.584 0.001 0.267 0.464
1618.025 1619.025 1398.434 0.817 0.148 0.182 0.584 0.001 0.268 0.465
1617.025 1618.025 1398.361 0.815 0.147 0.184 0.585 0.001 0.268 0.466
1616.025 1617.025 1398.289 0.813 0.146 0.186 0.586 0.001 0.269 0.467
1615.025 1616.025 1398.217 0.811 0.145 0.188 0.586 0.001 0.269 0.468
1614.025 1615.025 1398.145 0.809 0.144 0.190 0.587 0.001 0.270 0.469
1613.025 1614.025 1398.073 0.807 0.143 0.191 0.588 0.001 0.270 0.470
1612.025 1613.025 1398.002 0.805 0.141 0.193 0.588 0.001 0.270 0.471
1611.025 1612.025 1397.930 0.803 0.140 0.195 0.589 0.002 0.271 0.472
1610.025 1611.025 1397.859 0.801 0.139 0.197 0.589 0.002 0.271 0.473
1609.025 1610.025 1397.788 0.799 0.138 0.200 0.590 0.002 0.272 0.474
1608.025 1609.025 1397.716 0.797 0.137 0.202 0.591 0.002 0.272 0.475
1607.025 1608.025 1397.645 0.795 0.136 0.204 0.591 0.002 0.273 0.476
1606.025 1607.025 1397.574 0.793 0.135 0.206 0.592 0.002 0.273 0.477
1605.025 1606.025 1397.503 0.790 0.134 0.208 0.593 0.002 0.273 0.478
1604.025 1605.025 1397.432 0.788 0.133 0.210 0.593 0.002 0.274 0.479
1603.025 1604.025 1397.362 0.786 0.132 0.212 0.594 0.002 0.274 0.479
1602.025 1603.025 1397.291 0.784 0.131 0.215 0.594 0.002 0.275 0.480
1601.025 1602.025 1397.220 0.781 0.130 0.217 0.595 0.002 0.275 0.481
1600.025 1601.025 1397.150 0.779 0.129 0.219 0.596 0.002 0.276 0.482
1599.025 1600.025 1397.079 0.777 0.128 0.221 0.596 0.002 0.276 0.483
1598.025 1599.025 1397.009 0.774 0.127 0.224 0.597 0.002 0.277 0.484
1597.025 1598.025 1396.939 0.772 0.126 0.226 0.597 0.002 0.277 0.485
1596.025 1597.025 1396.868 0.770 0.125 0.228 0.598 0.002 0.277 0.486
1595.025 1596.025 1396.798 0.767 0.124 0.231 0.599 0.002 0.278 0.487
1594.025 1595.025 1396.728 0.765 0.123 0.233 0.599 0.002 0.278 0.488
1593.025 1594.025 1396.658 0.762 0.122 0.236 0.600 0.002 0.279 0.489
1592.025 1593.025 1396.588 0.760 0.121 0.238 0.600 0.002 0.279 0.490
1591.025 1592.025 1396.518 0.757 0.120 0.241 0.601 0.002 0.280 0.490
1590.025 1591.025 1396.448 0.755 0.118 0.243 0.601 0.002 0.280 0.491
1589.025 1590.025 1396.378 0.752 0.117 0.246 0.602 0.002 0.280 0.492
1588.025 1589.025 1396.308 0.749 0.116 0.248 0.603 0.002 0.281 0.493
1587.025 1588.025 1396.238 0.747 0.115 0.251 0.603 0.002 0.281 0.494
1586.025 1587.025 1396.168 0.744 0.114 0.253 0.604 0.002 0.282 0.495
1585.025 1586.025 1396.099 0.741 0.113 0.256 0.604 0.002 0.282 0.496
1584.025 1585.025 1396.029 0.739 0.112 0.259 0.605 0.003 0.283 0.497
1583.025 1584.025 1395.959 0.736 0.111 0.262 0.605 0.003 0.283 0.498
1582.025 1583.025 1395.889 0.733 0.110 0.264 0.606 0.003 0.284 0.499
1581.025 1582.025 1395.819 0.730 0.109 0.267 0.607 0.003 0.284 0.500
1580.025 1581.025 1395.750 0.727 0.108 0.270 0.607 0.003 0.285 0.500
1579.025 1580.025 1395.680 0.724 0.107 0.273 0.608 0.003 0.285 0.501
1578.025 1579.025 1395.610 0.722 0.106 0.276 0.608 0.003 0.285 0.502
1577.025 1578.025 1395.540 0.719 0.105 0.279 0.609 0.003 0.286 0.503
1576.025 1577.025 1395.470 0.716 0.104 0.282 0.609 0.003 0.286 0.504
1575.025 1576.025 1395.401 0.712 0.103 0.285 0.610 0.003 0.287 0.505
1574.025 1575.025 1395.331 0.709 0.102 0.288 0.610 0.003 0.287 0.506
1573.025 1574.025 1395.261 0.706 0.101 0.291 0.611 0.003 0.288 0.507
1572.025 1573.025 1395.191 0.703 0.100 0.294 0.611 0.003 0.288 0.508
1571.025 1572.025 1395.121 0.700 0.099 0.297 0.612 0.003 0.289 0.509
1570.025 1571.025 1395.051 0.697 0.098 0.300 0.612 0.003 0.289 0.509
1569.025 1570.025 1394.981 0.694 0.098 0.303 0.613 0.003 0.290 0.510
1568.025 1569.025 1394.911 0.690 0.097 0.306 0.613 0.003 0.290 0.511
1567.025 1568.025 1394.841 0.687 0.096 0.310 0.614 0.003 0.291 0.512
1566.025 1567.025 1394.770 0.684 0.095 0.313 0.614 0.004 0.291 0.513
1565.025 1566.025 1394.700 0.680 0.094 0.316 0.615 0.004 0.292 0.514
1564.025 1565.025 1394.630 0.677 0.093 0.320 0.615 0.004 0.292 0.515
1563.025 1564.025 1394.559 0.673 0.092 0.323 0.616 0.004 0.293 0.516
1562.025 1563.025 1394.488 0.670 0.091 0.326 0.616 0.004 0.293 0.517
1561.025 1562.025 1394.418 0.666 0.090 0.330 0.617 0.004 0.293 0.518
1560.025 1561.025 1394.347 0.663 0.089 0.334 0.617 0.004 0.294 0.518
1559.025 1560.025 1394.276 0.659 0.088 0.337 0.618 0.004 0.294 0.519
1558.025 1559.025 1394.205 0.655 0.087 0.341 0.618 0.004 0.295 0.520
1557.025 1558.025 1394.134 0.651 0.086 0.344 0.619 0.004 0.295 0.521
1556.025 1557.025 1394.063 0.648 0.085 0.348 0.619 0.004 0.296 0.522
1555.025 1556.025 1393.991 0.644 0.084 0.352 0.620 0.004 0.296 0.523
1554.025 1555.025 1393.920 0.640 0.083 0.356 0.620 0.004 0.297 0.524
1553.025 1554.025 1393.848 0.636 0.082 0.359 0.620 0.005 0.297 0.525
1552.025 1553.025 1393.776 0.632 0.081 0.363 0.621 0.005 0.298 0.526
1551.025 1552.025 1393.704 0.628 0.080 0.367 0.621 0.005 0.298 0.527
1550.025 1551.025 1393.632 0.624 0.079 0.371 0.622 0.005 0.299 0.528
1549.025 1550.025 1393.559 0.620 0.078 0.375 0.622 0.005 0.299 0.529
1548.025 1549.025 1393.487 0.616 0.077 0.379 0.623 0.005 0.300 0.529
1547.025 1548.025 1393.414 0.612 0.076 0.383 0.623 0.005 0.301 0.530
1546.025 1547.025 1393.341 0.608 0.075 0.387 0.624 0.005 0.301 0.531
1545.025 1546.025 1393.267 0.603 0.074 0.391 0.624 0.005 0.302 0.532
1544.025 1545.025 1393.194 0.599 0.074 0.396 0.624 0.005 0.302 0.533
1543.025 1544.025 1393.120 0.595 0.073 0.400 0.625 0.006 0.303 0.534
1542.025 1543.025 1393.046 0.590 0.072 0.404 0.625 0.006 0.303 0.535
1541.025 1542.025 1392.972 0.586 0.071 0.409 0.626 0.006 0.304 0.536
1540.025 1541.025 1392.898 0.581 0.070 0.413 0.626 0.006 0.304 0.537
1539.025 1540.025 1392.823 0.577 0.069 0.417 0.626 0.006 0.305 0.538
1538.025 1539.025 1392.748 0.572 0.068 0.422 0.627 0.006 0.305 0.539
1537.025 1538.025 1392.672 0.567 0.067 0.426 0.627 0.006 0.306 0.540
1536.025 1537.025 1392.597 0.563 0.066 0.431 0.627 0.006 0.306 0.541
1535.025 1536.025 1392.520 0.558 0.065 0.436 0.628 0.006 0.307 0.542
1534.025 1535.025 1392.444 0.553 0.064 0.440 0.628 0.007 0.308 0.543
1533.025 1534.025 1392.367 0.548 0.063 0.445 0.628 0.007 0.308 0.544
1532.025 1533.025 1392.290 0.543 0.062 0.450 0.629 0.007 0.309 0.545
1531.025 1532.025 1392.213 0.538 0.061 0.455 0.629 0.007 0.309 0.546
1530.025 1531.025 1392.135 0.533 0.061 0.460 0.629 0.007 0.310 0.547
1529.025 1530.025 1392.056 0.528 0.060 0.465 0.630 0.007 0.311 0.548
1528.025 1529.025 1391.978 0.523 0.059 0.470 0.630 0.007 0.311 0.549
1527.025 1528.025 1391.898 0.517 0.058 0.475 0.630 0.008 0.312 0.550
1526.025 1527.025 1391.819 0.512 0.057 0.480 0.631 0.008 0.312 0.551
1525.025 1526.025 1391.738 0.507 0.056 0.485 0.631 0.008 0.313 0.552
1524.025 1525.025 1391.658 0.501 0.055 0.491 0.631 0.008 0.314 0.553
1523.025 1524.025 1391.576 0.496 0.054 0.496 0.632 0.008 0.314 0.554
1522.025 1523.025 1391.495 0.490 0.053 0.501 0.632 0.008 0.315 0.555
1521.025 1522.025 1391.412 0.485 0.052 0.507 0.632 0.009 0.316 0.556
1520.025 1521.025 1391.329 0.479 0.051 0.512 0.632 0.009 0.316 0.557
1519.025 1520.025 1391.246 0.473 0.051 0.518 0.633 0.009 0.317 0.558
1518.025 1519.025 1391.162 0.467 0.050 0.523 0.633 0.009 0.317 0.559
1517.025 1518.025 1391.077 0.462 0.049 0.529 0.633 0.009 0.318 0.560
1516.025 1517.025 1390.991 0.456 0.048 0.535 0.633 0.010 0.319 0.561
1515.025 1516.025 1390.905 0.450 0.047 0.541 0.634 0.010 0.320 0.562
1514.025 1515.025 1390.818 0.444 0.046 0.546 0.634 0.010 0.320 0.564
1513.025 1514.025 1390.730 0.437 0.045 0.552 0.634 0.010 0.321 0.565
1512.025 1513.025 1390.641 0.431 0.044 0.558 0.634 0.010 0.322 0.566
1511.025 1512.025 1390.552 0.425 0.043 0.564 0.634 0.011 0.322 0.567
1510.025 1511.025 1390.462 0.419 0.042 0.570 0.634 0.011 0.323 0.568
1509.025 1510.025 1390.370 0.412 0.042 0.577 0.635 0.011 0.324 0.569
1508.025 1509.025 1390.278 0.406 0.041 0.583 0.635 0.011 0.325 0.570
1507.025 1508.025 1390.185 0.399 0.040 0.589 0.635 0.012 0.325 0.572
1506.025 1507.025 1390.090 0.393 0.039 0.596 0.635 0.012 0.326 0.573
1505.025 1506.025 1389.995 0.386 0.038 0.602 0.635 0.012 0.327 0.574
1504.025 1505.025 1389.898 0.379 0.037 0.608 0.635 0.012 0.328 0.575
1503.025 1504.025 1389.801 0.372 0.036 0.615 0.635 0.013 0.329 0.577
1502.025 1503.025 1389.702 0.366 0.035 0.622 0.635 0.013 0.329 0.578
1501.025 1502.025 1389.601 0.359 0.035 0.628 0.635 0.013 0.330 0.579
1500.025 1501.025 1389.500 0.352 0.034 0.635 0.635 0.013 0.331 0.581
1499.025 1500.025 1389.397 0.344 0.033 0.642 0.635 0.014 0.332 0.582
1498.025 1499.025 1389.292 0.337 0.032 0.649 0.635 0.014 0.333 0.583
1497.025 1498.025 1389.186 0.330 0.031 0.656 0.635 0.014 0.334 0.585
1496.025 1497.025 1389.078 0.323 0.030 0.663 0.635 0.015 0.335 0.586
1495.025 1496.025 1388.968 0.315 0.029 0.670 0.635 0.015 0.336 0.587
1494.025 1495.025 1388.857 0.308 0.028 0.677 0.635 0.015 0.337 0.589
1493.025 1494.025 1388.744 0.300 0.028 0.684 0.635 0.016 0.338 0.590
1492.025 1493.025 1388.628 0.293 0.027 0.691 0.634 0.016 0.339 0.592
1491.025 1492.025 1388.511 0.285 0.026 0.698 0.634 0.016 0.340 0.593
1490.025 1491.025 1388.391 0.278 0.025 0.706 0.634 0.017 0.341 0.595
1489.025 1490.025 1388.269 0.270 0.024 0.713 0.634 0.017 0.342 0.596
1488.025 1489.025 1388.144 0.262 0.023 0.720 0.633 0.018 0.343 0.598
1487.025 1488.025 1388.016 0.254 0.023 0.728 0.633 0.018 0.344 0.600
1486.025 1487.025 1387.886 0.246 0.022 0.735 0.633 0.018 0.346 0.601
1485.025 1486.025 1387.753 0.238 0.021 0.743 0.632 0.019 0.347 0.603
1484.025 1485.025 1387.616 0.230 0.020 0.750 0.632 0.019 0.348 0.605
1483.025 1484.025 1387.476 0.222 0.019 0.758 0.631 0.020 0.350 0.607
1482.025 1483.025 1387.333 0.214 0.018 0.766 0.631 0.020 0.351 0.609
1481.025 1482.025 1387.185 0.206 0.018 0.773 0.630 0.021 0.352 0.611
1480.025 1481.025 1387.034 0.198 0.017 0.781 0.629 0.021 0.354 0.613
1479.025 1480.025 1386.878 0.189 0.016 0.789 0.629 0.022 0.355 0.615
1478.025 1479.025 1386.717 0.181 0.015 0.796 0.628 0.022 0.357 0.617
1477.025 1478.025 1386.551 0.173 0.014 0.804 0.627 0.023 0.359 0.619
1476.025 1477.025 1386.380 0.165 0.014 0.812 0.626 0.023 0.360 0.621
1475.025 1476.025 1386.203 0.157 0.013 0.819 0.625 0.024 0.362 0.623
1474.025 1475.025 1386.020 0.148 0.012 0.827 0.624 0.025 0.364 0.626
1473.025 1474.025 1385.829 0.140 0.011 0.835 0.623 0.025 0.366 0.628
1472.025 1473.025 1385.632 0.132 0.011 0.842 0.621 0.026 0.368 0.631
1471.025 1472.025 1385.426 0.124 0.010 0.850 0.620 0.027 0.370 0.634
1470.025 1471.025 1385.212 0.116 0.009 0.857 0.618 0.027 0.372 0.636
1469.025 1470.025 1384.989 0.108 0.009 0.864 0.617 0.028 0.375 0.639
1468.025 1469.025 1384.755 0.100 0.008 0.871 0.615 0.029 0.377 0.642
1467.025 1468.025 1384.511 0.092 0.007 0.878 0.613 0.030 0.380 0.645
1466.025 1467.025 1384.255 0.085 0.007 0.885 0.611 0.030 0.383 0.649
1465.025 1466.025 1383.986 0.078 0.006 0.891 0.608 0.031 0.386 0.652
1464.025 1465.025 1383.704 0.071 0.005 0.897 0.606 0.032 0.389 0.656
1463.025 1464.025 1383.408 0.064 0.005 0.903 0.603 0.033 0.392 0.660
1462.025 1463.025 1383.096 0.057 0.004 0.909 0.600 0.034 0.396 0.664
1461.025 1462.025 1382.768 0.051 0.004 0.914 0.596 0.035 0.400 0.668
1460.025 1461.025 1382.423 0.045 0.003 0.918 0.593 0.036 0.404 0.672
1459.025 1460.025 1382.061 0.040 0.003 0.923 0.589 0.037 0.408 0.676
1458.025 1459.025 1381.681 0.035 0.003 0.927 0.585 0.039 0.413 0.681
1457.025 1458.025 1381.283 0.030 0.002 0.930 0.580 0.040 0.418 0.686
1456.025 1457.025 1380.869 0.026 0.002 0.933 0.575 0.041 0.423 0.691
1455.025 1456.025 1380.438 0.022 0.002 0.935 0.570 0.042 0.428 0.696
1454.025 1455.025 1379.993 0.019 0.001 0.937 0.565 0.044 0.434 0.701
1453.025 1454.025 1379.535 0.016 0.001 0.939 0.559 0.045 0.439 0.706
1452.025 1453.025 1379.065 0.014 0.001 0.939 0.554 0.047 0.445 0.711
1451.025 1452.025 1378.587 0.011 0.001 0.940 0.548 0.049 0.451 0.717
1450.025 1451.025 1378.103 0.010 0.001 0.940 0.542 0.050 0.458 0.722
1449.025 1450.025 1377.614 0.008 0.001 0.940 0.535 0.052 0.464 0.727
1448.025 1449.025 1377.123 0.007 0.000 0.939 0.529 0.054 0.471 0.732
1447.025 1448.025 1376.632 0.006 0.000 0.939 0.523 0.056 0.477 0.737
1446.025 1447.025 1376.143 0.005 0.000 0.938 0.516 0.058 0.484 0.742
1445.025 1446.025 1375.656 0.004 0.000 0.936 0.509 0.060 0.490 0.747
1444.025 1445.025 1375.174 0.003 0.000 0.935 0.503 0.062 0.497 0.752
1443.025 1444.025 1374.697 0.003 0.000 0.933 0.496 0.064 0.504 0.756
1442.025 1443.025 1374.226 0.002 0.000 0.932 0.490 0.066 0.510 0.761
1441.025 1442.025 1373.761 0.002 0.000 0.930 0.483 0.068 0.517 0.765
1440.025 1441.025 1373.303 0.002 0.000 0.928 0.476 0.071 0.523 0.770
1439.025 1440.025 1372.853 0.001 0.000 0.926 0.470 0.073 0.530 0.774
1438.025 1439.025 1372.409 0.001 0.000 0.923 0.463 0.076 0.537 0.778
1437.025 1438.025 1371.973 0.001 0.000 0.921 0.457 0.078 0.543 0.782
1436.025 1437.025 1371.544 0.001 0.000 0.918 0.450 0.081 0.550 0.786
1435.025 1436.025 1371.123 0.001 0.000 0.916 0.444 0.084 0.556 0.789
1434.025 1435.025 1370.708 0.001 0.000 0.913 0.437 0.086 0.563 0.793
1433.025 1434.025 1370.302 0.000 0.000 0.910 0.431 0.089 0.569 0.796
1432.025 1433.025 1369.902 0.000 0.000 0.908 0.425 0.092 0.575 0.800
1431.025 1432.025 1369.509 0.000 0.000 0.905 0.418 0.095 0.582 0.803
1430.025 1431.025 1369.123 0.000 0.000 0.902 0.412 0.098 0.588 0.806
1429.025 1430.025 1368.744 0.000 0.000 0.899 0.406 0.101 0.594 0.810
1428.025 1429.025 1368.371 0.000 0.000 0.895 0.400 0.104 0.600 0.813
1427.025 1428.025 1368.004 0.000 0.000 0.892 0.394 0.108 0.606 0.816
1426.025 1427.025 1367.644 0.000 0.000 0.889 0.387 0.111 0.612 0.819
1425.025 1426.025 1367.290 0.000 0.000 0.885 0.381 0.115 0.619 0.821
1424.025 1425.025 1366.941 0.000 0.000 0.882 0.375 0.118 0.625 0.824
1423.025 1424.025 1366.599 0.000 0.000 0.878 0.369 0.122 0.631 0.827
1422.025 1423.025 1366.262 0.000 0.000 0.874 0.364 0.126 0.636 0.830
1421.025 1422.025 1365.930 0.000 0.000 0.870 0.358 0.130 0.642 0.832
1420.025 1421.025 1365.604 0.000 0.000 0.866 0.352 0.134 0.648 0.835
1419.025 1420.025 1365.283 0.000 0.000 0.862 0.346 0.138 0.654 0.837
1418.025 1419.025 1364.966 0.000 0.000 0.858 0.340 0.142 0.660 0.840
1417.025 1418.025 1364.655 0.000 0.000 0.853 0.334 0.147 0.666 0.842
1416.025 1417.025 1364.348 0.000 0.000 0.849 0.329 0.151 0.671 0.845
1415.025 1416.025 1364.046 0.000 0.000 0.844 0.323 0.156 0.677 0.847
1414.025 1415.025 1363.749 0.000 0.000 0.840 0.317 0.160 0.683 0.849
1413.025 1414.025 1363.456 0.000 0.000 0.835 0.312 0.165 0.688 0.851
1412.025 1413.025 1363.167 0.000 0.000 0.830 0.306 0.170 0.694 0.854
1411.025 1412.025 1362.882 0.000 0.000 0.825 0.301 0.175 0.699 0.856
1410.025 1411.025 1362.601 0.000 0.000 0.820 0.295 0.180 0.705 0.858
1409.025 1410.025 1362.324 0.000 0.000 0.814 0.290 0.186 0.710 0.860
1408.025 1409.025 1362.051 0.000 0.000 0.809 0.284 0.191 0.716 0.862
1407.025 1408.025 1361.782 0.000 0.000 0.803 0.279 0.197 0.721 0.864
1406.025 1407.025 1361.516 0.000 0.000 0.797 0.274 0.203 0.726 0.866
1405.025 1406.025 1361.254 0.000 0.000 0.791 0.268 0.209 0.732 0.868
1404.025 1405.025 1360.995 0.000 0.000 0.785 0.263 0.215 0.737 0.870
1403.025 1404.025 1360.739 0.000 0.000 0.778 0.258 0.222 0.742 0.872
1402.025 1403.025 1360.487 0.000 0.000 0.772 0.252 0.228 0.748 0.874
1401.025 1402.025 1360.238 0.000 0.000 0.765 0.247 0.235 0.753 0.875
1400.025 1401.025 1359.991 0.000 0.000 0.758 0.242 0.242 0.758 0.877
1399.025 1400.025 1359.748 0.000 0.000 0.751 0.237 0.249 0.763 0.879
1398.025 1399.025 1359.508 0.000 0.000 0.744 0.232 0.256 0.768 0.881
1397.025 1398.025 1359.271 0.000 0.000 0.737 0.226 0.263 0.774 0.883
1396.025 1397.025 1359.036 0.000 0.000 0.729 0.221 0.271 0.779 0.884
1395.025 1396.025 1358.804 0.000 0.000 0.721 0.216 0.279 0.784 0.886
1394.025 1395.025 1358.575 0.000 0.000 0.713 0.211 0.287 0.789 0.888
1393.025 1394.025 1358.348 0.000 0.000 0.705 0.206 0.295 0.794 0.890
1392.025 1393.025 1358.123 0.000 0.000 0.696 0.201 0.304 0.799 0.891
1391.025 1392.025 1357.901 0.000 0.000 0.687 0.196 0.313 0.804 0.893
1390.025 1391.025 1357.682 0.000 0.000 0.678 0.191 0.322 0.809 0.895
1389.025 1390.025 1357.464 0.000 0.000 0.669 0.186 0.331 0.814 0.896
1388.025 1389.025 1357.249 0.000 0.000 0.659 0.181 0.341 0.819 0.898
1387.025 1388.025 1357.036 0.000 0.000 0.649 0.176 0.351 0.824 0.900
1386.025 1387.025 1356.825 0.000 0.000 0.639 0.172 0.361 0.828 0.901
1385.025 1386.025 1356.616 0.000 0.000 0.629 0.167 0.371 0.833 0.903
1384.025 1385.025 1356.409 0.000 0.000 0.618 0.162 0.382 0.838 0.905
1383.025 1384.025 1356.204 0.000 0.000 0.607 0.157 0.393 0.843 0.906
1382.025 1383.025 1356.000 0.000 0.000 0.596 0.152 0.404 0.848 0.908
1381.025 1382.025 1355.799 0.000 0.000 0.584 0.147 0.416 0.853 0.909
1380.025 1381.025 1355.599 0.000 0.000 0.573 0.142 0.427 0.858 0.911
1379.025 1380.025 1355.401 0.000 0.000 0.560 0.138 0.440 0.862 0.913
1378.025 1379.025 1355.204 0.000 0.000 0.548 0.133 0.452 0.867 0.914
1377.025 1378.025 1355.010 0.000 0.000 0.535 0.128 0.465 0.872 0.916
1376.025 1377.025 1354.816 0.000 0.000 0.521 0.123 0.479 0.877 0.918
1375.025 1376.025 1354.624 0.000 0.000 0.508 0.119 0.492 0.881 0.919
1374.025 1375.025 1354.434 0.000 0.000 0.494 0.114 0.506 0.886 0.921
1373.025 1374.025 1354.245 0.000 0.000 0.479 0.109 0.521 0.891 0.923
1372.025 1373.025 1354.057 0.000 0.000 0.464 0.104 0.536 0.896 0.925
1371.025 1372.025 1353.871 0.000 0.000 0.449 0.100 0.551 0.900 0.926
1370.025 1371.025 1353.685 0.000 0.000 0.433 0.095 0.567 0.905 0.928
1369.025 1370.025 1353.501 0.000 0.000 0.417 0.090 0.583 0.910 0.930
1368.025 1369.025 1353.318 0.000 0.000 0.400 0.085 0.600 0.915 0.932
1367.025 1368.025 1353.137 0.000 0.000 0.383 0.081 0.617 0.919 0.934
1366.025 1367.025 1352.956 0.000 0.000 0.365 0.076 0.635 0.924 0.936
1365.025 1366.025 1352.776 0.000 0.000 0.347 0.071 0.653 0.929 0.938
1364.025 1365.025 1352.597 0.000 0.000 0.328 0.067 0.672 0.933 0.940
1363.025 1364.025 1352.420 0.000 0.000 0.309 0.062 0.691 0.938 0.942
1362.025 1363.025 1352.243 0.000 0.000 0.289 0.057 0.711 0.943 0.945
1361.025 1362.025 1352.067 0.000 0.000 0.269 0.052 0.731 0.948 0.947
1360.025 1361.025 1351.891 0.000 0.000 0.248 0.048 0.752 0.952 0.950
1359.025 1360.025 1351.717 0.000 0.000 0.226 0.043 0.774 0.957 0.953
1358.025 1359.025 1351.543 0.000 0.000 0.204 0.038 0.796 0.962 0.956
1357.025 1358.025 1351.370 0.000 0.000 0.181 0.034 0.819 0.966 0.959
1356.025 1357.025 1351.197 0.000 0.000 0.158 0.029 0.842 0.971 0.962
1355.025 1356.025 1351.025 0.000 0.000 0.133 0.024 0.867 0.976 0.967
1354.025 1355.025 1350.854 0.000 0.000 0.108 0.019 0.892 0.981 0.971
1353.025 1354.025 1350.683 0.000 0.000 0.083 0.015 0.917 0.985 0.977
1352.025 1353.025 1350.513 0.000 0.000 0.056 0.010 0.944 0.990 0.986
1351.025 1352.025 1350.343 0.000 0.000 0.029 0.005 0.971 0.995 1.000
