340 1914.020 1914.020
350 1912.684 1912.684
360 1911.309 1911.309
370 1909.895 1909.895
380 1908.442 1908.442
390 1906.951 1906.951
400 1905.420 1905.420
410 1903.852 1903.852
420 1902.244 1902.244
430 1900.598 1900.598
440 1898.913 1898.913
450 1897.189 1897.189
460 1895.426 1895.426
470 1893.625 1893.625
480 1891.785 1891.785
490 1889.906 1889.906
500 1887.989 1887.989
510 1886.032 1886.032
520 1884.037 1884.037
530 1882.004 1882.004
540 1879.931 1879.931
550 1877.820 1877.820
560 1875.670 1875.670
570 1873.481 1873.481
580 1871.254 1871.254
590 1868.988 1868.988
600 1866.683 1866.683
610 1864.339 1864.339
620 1861.957 1861.957
630 1859.536 1859.536
640 1857.076 1857.076
650 1854.577 1854.577
660 1852.040 1852.040
670 1849.464 1849.464
680 1846.849 1846.849
690 1844.196 1844.196
700 1841.503 1841.503
710 1838.772 1838.772
720 1836.003 1836.003
730 1833.194 1833.194
740 1830.347 1830.347
750 1827.461 1827.461
760 1824.536 1824.536
770 1821.573 1821.573
780 1818.571 1818.571
790 1815.530 1815.530
800 1812.450 1812.450
810 1809.332 1809.332
820 1806.175 1806.175
830 1802.979 1802.979
840 1799.744 1799.744
850 1796.471 1796.471
860 1793.159 1793.159
870 1789.808 1789.808
880 1786.418 1786.418
890 1782.990 1782.990
900 1779.523 1779.523
910 1776.017 1776.017
920 1772.473 1772.473
930 1768.890 1768.890
940 1765.268 1765.268
950 1761.607 1761.607
960 1757.907 1757.907
970 1754.169 1754.169
980 1750.392 1750.392
990 1746.577 1746.577
1000 1742.722 1742.722
1010 1738.829 1738.829
1020 1734.897 1734.897
1030 1730.927 1730.927
1040 1726.917 1726.917
1050 1722.869 1722.869
1060 1718.782 1718.782
1070 1714.657 1714.657
1080 1710.493 1710.493
1090 1706.290 1706.290
1100 1702.048 1702.048
1110 1697.767 1697.767
1120 1693.448 1693.448
1130 1689.090 1689.090
1140 1684.693 1684.693
1150 1680.258 1680.258
1160 1675.784 1675.784
1170 1671.271 1671.271
1180 1666.719 1666.719
1190 1662.129 1662.129
1200 1657.499 1657.499
1210 1652.832 1652.832
1220 1648.125 1648.125
1230 1643.380 1643.380
1240 1638.596 1638.596
1250 1633.773 1633.773
1260 1628.911 1628.911
1270 1624.011 1624.011
1280 1619.072 1619.072
1290 1614.094 1614.094
1300 1609.077 1609.077
1310 1604.022 1604.022
1320 1598.928 1598.928
1330 1593.795 1593.795
1340 1588.624 1588.624
1350 1583.414 1583.414
1360 1578.165 1578.165
1370 1572.877 1572.877
1380 1567.551 1567.551
1390 1562.185 1562.185
1400 1556.782 1556.782
1410 1551.339 1551.339
1420 1545.858 1545.858
1430 1540.337 1540.337
1440 1534.779 1534.779
1450 1529.181 1529.181
1460 1523.545 1523.545
1470 1517.870 1517.870
1480 1512.156 1512.156
1490 1506.403 1506.403
1500 1500.612 1500.612
1510 1494.782 1494.782
1520 1488.913 1488.913
1530 1483.006 1483.006
1540 1477.060 1477.060
1550 1471.075 1471.075
1560 1465.051 1465.051
1570 1458.988 1458.988
1580 1452.887 1452.887
1590 1446.747 1446.747
1600 1440.569 1440.569
1610 1434.351 1434.351
1620 1428.095 1428.095
1630 1421.800 1421.800
1640 1415.467 1415.467
1650 1409.094 1409.094
1660 1402.683 1402.683
1670 1396.233 1396.233
1680 1389.745 1389.745
1690 1383.218 1383.218
1700 1376.652 1376.652
1710 1370.047 1370.047
1720 1363.403 1363.403
1730 1356.721 1356.721
1740 1350.000 1350.000
