340 2332.010 2332.010
350 2331.342 2331.342
360 2330.654 2330.654
370 2329.947 2329.947
380 2329.221 2329.221
390 2328.475 2328.475
400 2327.710 2327.710
410 2326.926 2326.926
420 2326.122 2326.122
430 2325.299 2325.299
440 2324.456 2324.456
450 2323.594 2323.594
460 2322.713 2322.713
470 2321.812 2321.812
480 2320.892 2320.892
490 2319.953 2319.953
500 2318.994 2318.994
510 2318.016 2318.016
520 2317.019 2317.019
530 2316.002 2316.002
540 2314.966 2314.966
550 2313.910 2313.910
560 2312.835 2312.835
570 2311.741 2311.741
580 2310.627 2310.627
590 2309.494 2309.494
600 2308.341 2308.341
610 2307.170 2307.170
620 2305.978 2305.978
630 2304.768 2304.768
640 2303.538 2303.538
650 2302.289 2302.289
660 2301.020 2301.020
670 2299.732 2299.732
680 2298.425 2298.425
690 2297.098 2297.098
700 2295.752 2295.752
710 2294.386 2294.386
720 2293.001 2293.001
730 2291.597 2291.597
740 2290.173 2290.173
750 2288.730 2288.730
760 2287.268 2287.268
770 2285.786 2285.786
780 2284.285 2284.285
790 2282.765 2282.765
800 2281.225 2281.225
810 2279.666 2279.666
820 2278.087 2278.087
830 2276.489 2276.489
840 2274.872 2274.872
850 2273.235 2273.235
860 2271.579 2271.579
870 2269.904 2269.904
880 2268.209 2268.209
890 2266.495 2266.495
900 2264.762 2264.762
910 2263.009 2263.009
920 2261.236 2261.236
930 2259.445 2259.445
940 2257.634 2257.634
950 2255.803 2255.803
960 2253.954 2253.954
970 2252.085 2252.085
980 2250.196 2250.196
990 2248.288 2248.288
1000 2246.361 2246.361
1010 2244.415 2244.415
1020 2242.449 2242.449
1030 2240.463 2240.463
1040 2238.459 2238.459
1050 2236.435 2236.435
1060 2234.391 2234.391
1070 2232.328 2232.328
1080 2230.246 2230.246
1090 2228.145 2228.145
1100 2226.024 2226.024
1110 2223.884 2223.884
1120 2221.724 2221.724
1130 2219.545 2219.545
1140 2217.347 2217.347
1150 2215.129 2215.129
1160 2212.892 2212.892
1170 2210.635 2210.635
1180 2208.360 2208.360
1190 2206.064 2206.064
1200 2203.750 2203.750
1210 2201.416 2201.416
1220 2199.062 2199.062
1230 2196.690 2196.690
1240 2194.298 2194.298
1250 2191.886 2191.886
1260 2189.456 2189.456
1270 2187.005 2187.005
1280 2184.536 2184.536
1290 2182.047 2182.047
1300 2179.539 2179.539
1310 2177.011 2177.011
1320 2174.464 2174.464
1330 2171.898 2171.898
1340 2169.312 2169.312
1350 2166.707 2166.707
1360 2164.082 2164.082
1370 2161.439 2161.439
1380 2158.775 2158.775
1390 2156.093 2156.093
1400 2153.391 2153.391
1410 2150.669 2150.669
1420 2147.929 2147.929
1430 2145.169 2145.169
1440 2142.389 2142.389
1450 2139.591 2139.591
1460 2136.772 2136.772
1470 2133.935 2133.935
1480 2131.078 2131.078
1490 2128.202 2128.202
1500 2125.306 2125.306
1510 2122.391 2122.391
1520 2119.457 2119.457
1530 2116.503 2116.503
1540 2113.530 2113.530
1550 2110.537 2110.537
1560 2107.525 2107.525
1570 2104.494 2104.494
1580 2101.444 2101.444
1590 2098.374 2098.374
1600 2095.284 2095.284
1610 2092.176 2092.176
1620 2089.048 2089.048
1630 2085.900 2085.900
1640 2082.733 2082.733
1650 2079.547 2079.547
1660 2076.342 2076.342
1670 2073.117 2073.117
1680 2069.872 2069.872
1690 2066.609 2066.609
1700 2063.326 2063.326
1710 2060.023 2060.023
1720 2056.702 2056.702
1730 2053.360 2053.360
1740 2050.000 2050.000
