340 1970.017 1970.017
350 1968.903 1968.903
360 1967.757 1967.757
370 1966.579 1966.579
380 1965.368 1965.368
390 1964.125 1964.125
400 1962.850 1962.850
410 1961.543 1961.543
420 1960.203 1960.203
430 1958.831 1958.831
440 1957.427 1957.427
450 1955.991 1955.991
460 1954.522 1954.522
470 1953.021 1953.021
480 1951.487 1951.487
490 1949.922 1949.922
500 1948.324 1948.324
510 1946.694 1946.694
520 1945.031 1945.031
530 1943.336 1943.336
540 1941.609 1941.609
550 1939.850 1939.850
560 1938.058 1938.058
570 1936.234 1936.234
580 1934.378 1934.378
590 1932.490 1932.490
600 1930.569 1930.569
610 1928.616 1928.616
620 1926.631 1926.631
630 1924.613 1924.613
640 1922.563 1922.563
650 1920.481 1920.481
660 1918.367 1918.367
670 1916.220 1916.220
680 1914.041 1914.041
690 1911.830 1911.830
700 1909.586 1909.586
710 1907.310 1907.310
720 1905.002 1905.002
730 1902.662 1902.662
740 1900.289 1900.289
750 1897.884 1897.884
760 1895.447 1895.447
770 1892.977 1892.977
780 1890.476 1890.476
790 1887.941 1887.941
800 1885.375 1885.375
810 1882.776 1882.776
820 1880.145 1880.145
830 1877.482 1877.482
840 1874.787 1874.787
850 1872.059 1872.059
860 1869.299 1869.299
870 1866.507 1866.507
880 1863.682 1863.682
890 1860.825 1860.825
900 1857.936 1857.936
910 1855.014 1855.014
920 1852.061 1852.061
930 1849.075 1849.075
940 1846.056 1846.056
950 1843.006 1843.006
960 1839.923 1839.923
970 1836.808 1836.808
980 1833.660 1833.660
990 1830.481 1830.481
1000 1827.269 1827.269
1010 1824.024 1824.024
1020 1820.748 1820.748
1030 1817.439 1817.439
1040 1814.098 1814.098
1050 1810.724 1810.724
1060 1807.319 1807.319
1070 1803.881 1803.881
1080 1800.410 1800.410
1090 1796.908 1796.908
1100 1793.373 1793.373
1110 1789.806 1789.806
1120 1786.207 1786.207
1130 1782.575 1782.575
1140 1778.911 1778.911
1150 1775.215 1775.215
1160 1771.486 1771.486
1170 1767.726 1767.726
1180 1763.933 1763.933
1190 1760.107 1760.107
1200 1756.250 1756.250
1210 1752.360 1752.360
1220 1748.437 1748.437
1230 1744.483 1744.483
1240 1740.496 1740.496
1250 1736.477 1736.477
1260 1732.426 1732.426
1270 1728.342 1728.342
1280 1724.226 1724.226
1290 1720.078 1720.078
1300 1715.898 1715.898
1310 1711.685 1711.685
1320 1707.440 1707.440
1330 1703.163 1703.163
1340 1698.853 1698.853
1350 1694.511 1694.511
1360 1690.137 1690.137
1370 1685.731 1685.731
1380 1681.292 1681.292
1390 1676.821 1676.821
1400 1672.318 1672.318
1410 1667.782 1667.782
1420 1663.215 1663.215
1430 1658.615 1658.615
1440 1653.982 1653.982
1450 1649.318 1649.318
1460 1644.621 1644.621
1470 1639.891 1639.891
1480 1635.130 1635.130
1490 1630.336 1630.336
1500 1625.510 1625.510
1510 1620.652 1620.652
1520 1615.761 1615.761
1530 1610.838 1610.838
1540 1605.883 1605.883
1550 1600.895 1600.895
1560 1595.876 1595.876
1570 1590.824 1590.824
1580 1585.739 1585.739
1590 1580.623 1580.623
1600 1575.474 1575.474
1610 1570.293 1570.293
1620 1565.079 1565.079
1630 1559.834 1559.834
1640 1554.556 1554.556
1650 1549.245 1549.245
1660 1543.903 1543.903
1670 1538.528 1538.528
1680 1533.121 1533.121
1690 1527.681 1527.681
1700 1522.210 1522.210
1710 1516.706 1516.706
1720 1511.169 1511.169
1730 1505.601 1505.601
1740 1500.000 1500.000
