340 1998.317 2132.369
350 1997.051 2131.600
360 1995.747 2130.808
370 1994.405 2129.995
380 1993.027 2129.161
390 1991.611 2128.305
400 1990.158 2127.427
410 1988.667 2126.529
420 1987.139 2125.609
430 1985.574 2124.668
440 1983.971 2123.705
450 1982.330 2122.722
460 1980.652 2121.718
470 1978.936 2120.692
480 1977.182 2119.646
490 1975.391 2118.579
500 1973.561 2117.492
510 1971.694 2116.383
520 1969.789 2115.255
530 1967.845 2114.105
540 1965.864 2112.936
550 1963.844 2111.746
560 1961.786 2110.536
570 1959.690 2109.305
580 1957.556 2108.055
590 1955.383 2106.785
600 1953.172 2105.494
610 1950.922 2104.184
620 1948.633 2102.855
630 1946.306 2101.506
640 1943.940 2100.137
650 1941.535 2098.749
660 1939.092 2097.342
670 1936.609 2095.915
680 1934.087 2094.469
690 1931.526 2093.005
700 1928.926 2091.521
710 1926.287 2090.018
720 1923.608 2088.497
730 1920.890 2086.958
740 1918.132 2085.399
750 1915.335 2083.823
760 1912.498 2082.228
770 1909.621 2080.615
780 1906.704 2078.984
790 1903.748 2077.335
800 1900.751 2075.668
810 1897.714 2073.983
820 1894.637 2072.281
830 1891.519 2070.561
840 1888.361 2068.824
850 1885.163 2067.069
860 1881.924 2065.298
870 1878.644 2063.509
880 1875.324 2061.703
890 1871.962 2059.881
900 1868.560 2058.041
910 1865.116 2056.185
920 1861.631 2054.313
930 1858.105 2052.424
940 1854.538 2050.519
950 1850.929 2048.598
960 1847.278 2046.661
970 1843.586 2044.707
980 1839.851 2042.738
990 1836.075 2040.753
1000 1832.257 2038.753
1010 1828.397 2036.737
1020 1824.494 2034.706
1030 1820.550 2032.660
1040 1816.562 2030.598
1050 1812.532 2028.521
1060 1808.459 2026.430
1070 1804.344 2024.323
1080 1800.186 2022.202
1090 1795.984 2020.066
1100 1791.740 2017.916
1110 1787.452 2015.752
1120 1783.121 2013.573
1130 1778.746 2011.380
1140 1774.328 2009.173
1150 1769.866 2006.952
1160 1765.360 2004.717
1170 1760.810 2002.468
1180 1756.217 2000.206
1190 1751.579 1997.930
1200 1746.896 1995.641
1210 1742.170 1993.338
1220 1737.399 1991.022
1230 1732.583 1988.693
1240 1727.723 1986.351
1250 1722.817 1983.996
1260 1717.867 1981.628
1270 1712.872 1979.247
1280 1707.832 1976.853
1290 1702.746 1974.447
1300 1697.615 1972.028
1310 1692.438 1969.597
1320 1687.216 1967.153
1330 1681.948 1964.697
1340 1676.634 1962.229
1350 1671.275 1959.748
1360 1665.869 1957.256
1370 1660.417 1954.751
1380 1654.919 1952.235
1390 1649.375 1949.706
1400 1643.784 1947.166
1410 1638.147 1944.614
1420 1632.463 1942.050
1430 1626.732 1939.475
1440 1620.955 1936.888
1450 1615.131 1934.289
1460 1609.260 1931.679
1470 1603.341 1929.058
1480 1597.376 1926.425
1490 1591.364 1923.780
1500 1585.304 1921.125
1510 1579.197 1918.458
1520 1573.042 1915.779
1530 1566.840 1913.090
1540 1560.591 1910.389
1550 1554.294 1907.677
1560 1547.949 1904.954
1570 1541.556 1902.219
1580 1535.116 1899.474
1590 1528.628 1896.717
1600 1522.093 1893.949
1610 1515.509 1891.170
1620 1508.877 1888.380
1630 1502.198 1885.579
1640 1495.471 1882.766
1650 1488.695 1879.943
1660 1481.872 1877.108
1670 1475.001 1874.262
1680 1468.082 1871.405
1690 1461.115 1868.537
1700 1454.100 1865.657
1710 1447.037 1862.766
1720 1439.926 1859.864
1730 1432.767 1856.950
1740 1425.560 1854.025
